thirds: 0.08976339378450358
thirds_inv: 0.08976339378450358
triads: 0.0890500407824891
triads_inv: 0.0890500407824891
tetrads: 0.0890500407824891
tetrads_inv: 0.0890500407824891
root: 0.13947205909431326
mirex: 0.09296455080734696
majmin: 0.11267233304208993
majmin_inv: 0.11267233304208993
sevenths: 0.11267233304208993
sevenths_inv: 0.11267233304208993
underseg: 0.6589151011581579
overseg: 0.7539887392232496
seg: 0.6589151011581579
