thirds: 0.8984129454147147
thirds_inv: 0.870651824022957
triads: 0.8984129454147147
triads_inv: 0.870651824022957
tetrads: 0.8672211000693075
tetrads_inv: 0.8394599786775501
root: 0.9006676513272068
mirex: 0.8984129454147147
majmin: 0.8984129454147147
majmin_inv: 0.870651824022957
sevenths: 0.8672211000693075
sevenths_inv: 0.8394599786775501
underseg: 0.8614384923783376
overseg: 0.8927747181215411
seg: 0.8614384923783376
