thirds: 0.0004867998218409829
thirds_inv: 0.0004867998218409829
triads: 0.0004867998218409829
triads_inv: 0.0004867998218409829
tetrads: 0.0004867998218409829
tetrads_inv: 0.0004867998218409829
root: 0.0004867998218409829
mirex: 0.0004912990427792076
majmin: 0.000615048880206534
majmin_inv: 0.000615048880206534
sevenths: 0.000615048880206534
sevenths_inv: 0.000615048880206534
underseg: 0.7952379358577232
overseg: 0.658284481354878
seg: 0.658284481354878
