thirds: 0.006558913076974598
thirds_inv: 0.006558913076974598
triads: 0.006558913076974598
triads_inv: 0.006558913076974598
tetrads: 0.006558913076974598
tetrads_inv: 0.006558913076974598
root: 0.006558913076974598
mirex: 0.006558913076974598
majmin: 0.007557667113717093
majmin_inv: 0.007557667113717093
sevenths: 0.007557667113717093
sevenths_inv: 0.007557667113717093
underseg: 0.7352761073173578
overseg: 0.6741576527799202
seg: 0.6741576527799202
