thirds: 0.8317296044251035
thirds_inv: 0.5380632139313692
triads: 0.7969300168969706
triads_inv: 0.5380632139313692
tetrads: 0.48496803584994097
tetrads_inv: 0.36301774745499743
root: 0.836221019510712
mirex: 0.9336819520604982
majmin: 0.8313730521811606
majmin_inv: 0.5613181169587685
sevenths: 0.6708063873198257
sevenths_inv: 0.4906850269721972
underseg: 0.7544668427741057
overseg: 0.8710236870756325
seg: 0.7544668427741057
