thirds: 0.9032968882605152
thirds_inv: 0.9030930884802191
triads: 0.8961979275668402
triads_inv: 0.8961979275668402
tetrads: 0.799110236348023
tetrads_inv: 0.799110236348023
root: 0.9049335202856121
mirex: 0.9263107505447747
majmin: 0.9294837910187135
majmin_inv: 0.9294837910187135
sevenths: 0.8308812309415237
sevenths_inv: 0.8308812309415237
underseg: 0.9214478916423844
overseg: 0.9038357871782431
seg: 0.9038357871782431
