thirds: 0.11191463414634142
thirds_inv: 0.06702134146341474
triads: 0.10463414634146337
triads_inv: 0.06071951219512202
tetrads: 0.07282621951219495
tetrads_inv: 0.04877134146341462
root: 0.12959146341463412
mirex: 0.12867987804878045
majmin: 0.10898524951969638
majmin_inv: 0.0632444705546118
sevenths: 0.07657930592289794
sevenths_inv: 0.05128476396569687
underseg: 0.5914786585365848
overseg: 0.7914054878048777
seg: 0.5914786585365848
