thirds: 0.7005698113207554
thirds_inv: 0.6664792452830195
triads: 0.6951509433962272
triads_inv: 0.6610603773584913
tetrads: 0.693007547169812
tetrads_inv: 0.6589169811320762
root: 0.7005698113207554
mirex: 0.703464150943397
majmin: 0.6989383982638
majmin_inv: 0.6646620934573773
sevenths: 0.6967833239744434
sevenths_inv: 0.6625070191680206
underseg: 0.8112867924528305
overseg: 0.8892075471698115
seg: 0.8112867924528305
