thirds: 0.6797355932203395
thirds_inv: 0.506816949152543
triads: 0.6725559322033903
triads_inv: 0.4996372881355939
tetrads: 0.581725423728814
tetrads_inv: 0.43042033898305126
root: 0.6879796610169496
mirex: 0.6958542372881362
majmin: 0.6888950210628537
majmin_inv: 0.5129905059974997
sevenths: 0.6030843298867488
sevenths_inv: 0.4466225109626745
underseg: 0.7467966101694914
overseg: 0.74648813559322
seg: 0.74648813559322
