thirds: 0.368954128440367
thirds_inv: 0.368954128440367
triads: 0.368954128440367
triads_inv: 0.368954128440367
tetrads: 0.368954128440367
tetrads_inv: 0.368954128440367
root: 0.368954128440367
mirex: 0.368954128440367
majmin: 0.368954128440367
majmin_inv: 0.368954128440367
sevenths: 0.368954128440367
sevenths_inv: 0.368954128440367
underseg: 0.6015779816513764
overseg: 0.6613944954128442
seg: 0.6015779816513764
