thirds: 0.5512751479289943
thirds_inv: 0.32683727810650887
triads: 0.547940828402367
triads_inv: 0.32683727810650887
tetrads: 0.42872781065088794
tetrads_inv: 0.2651627218934913
root: 0.5537869822485211
mirex: 0.5696153846153846
majmin: 0.5599567040668549
majmin_inv: 0.33400454123544576
sevenths: 0.43812944637441953
sevenths_inv: 0.27097751453527935
underseg: 0.6863431952662726
overseg: 0.6777869822485205
seg: 0.6777869822485205
