thirds: 0.7134784053156147
thirds_inv: 0.7123687707641196
triads: 0.27500996677740874
triads_inv: 0.27500996677740874
tetrads: 0.27500996677740874
tetrads_inv: 0.27500996677740874
root: 0.793767441860465
mirex: 0.5099491147444033
majmin: 0.8048028778377335
majmin_inv: 0.8048028778377335
sevenths: 0.8048028778377335
sevenths_inv: 0.8048028778377335
underseg: 0.8443720930232561
overseg: 0.8125016611295681
seg: 0.8125016611295681
