thirds: 0.212205627705628
thirds_inv: 0.21214935064935092
triads: 0.04693506493506498
triads_inv: 0.04687878787878791
tetrads: 0.03669480519480519
tetrads_inv: 0.036638528138528116
root: 0.4021536796536802
mirex: 0.2974884416093062
majmin: 0.08647139752357796
majmin_inv: 0.08636771479273431
sevenths: 0.06790434991588562
sevenths_inv: 0.06780020828326522
underseg: 0.6460411255411257
overseg: 0.6542489177489176
seg: 0.6460411255411257
