thirds: 0.4275196282277658
thirds_inv: 0.42483184037398514
triads: 0.41639965515174704
triads_inv: 0.4137118672979664
tetrads: 0.41639965515174704
tetrads_inv: 0.4137118672979664
root: 0.43904530513077045
mirex: 0.45274090708585624
majmin: 0.45274090708585624
majmin_inv: 0.44981854272767363
sevenths: 0.45274090708585624
sevenths_inv: 0.44981854272767363
underseg: 0.6048398622451101
overseg: 0.8631717740782915
seg: 0.6048398622451101
