thirds: 0.6011895292400355
thirds_inv: 0.5601058351684236
triads: 0.6009522932348665
triads_inv: 0.5598685991632546
tetrads: 0.5367478572006712
tetrads_inv: 0.5006740293558625
root: 0.6292838542756906
mirex: 0.6186259370525311
majmin: 0.6144861094671566
majmin_inv: 0.5719902883191342
sevenths: 0.5666193127051965
sevenths_inv: 0.5282863303250223
underseg: 0.7392413471655883
overseg: 0.7693089175618841
seg: 0.7392413471655883
