thirds: 0.7408607860731138
thirds_inv: 0.7408607860731138
triads: 0.7408607860731138
triads_inv: 0.7408607860731138
tetrads: 0.7408607860731138
tetrads_inv: 0.7408607860731138
root: 0.7910967056712264
mirex: 0.7593436979252506
majmin: 0.7408607860731138
majmin_inv: 0.7408607860731138
sevenths: 0.7408607860731138
sevenths_inv: 0.7408607860731138
underseg: 0.8898777368809783
overseg: 0.8011133695910932
seg: 0.8011133695910932
