thirds: 0.14638418918973226
thirds_inv: 0.13099203272088816
triads: 0.14638418918973226
triads_inv: 0.13099203272088816
tetrads: 0.12258681441422625
tetrads_inv: 0.10719465794538213
root: 0.15306577525281967
mirex: 0.15028358116608587
majmin: 0.15546433630886358
majmin_inv: 0.13911741111812803
sevenths: 0.14070873186434119
sevenths_inv: 0.12304116437155849
underseg: 0.65906634577911
overseg: 0.6142438718646168
seg: 0.6142438718646168
