thirds: 0.46888760901014526
thirds_inv: 0.41681669969660845
triads: 0.45130540073557784
triads_inv: 0.4118690109611034
tetrads: 0.43420390282394683
tetrads_inv: 0.40498941076700523
root: 0.46888760901014526
mirex: 0.46888760901014526
majmin: 0.49768700270558197
majmin_inv: 0.4541976524952866
sevenths: 0.47882794800882206
sevenths_inv: 0.4466110213695945
underseg: 0.4770642201834864
overseg: 0.8219784405937227
seg: 0.4770642201834864
