thirds: 0.3058481136924939
thirds_inv: 0.3058481136924939
triads: 0.3058481136924939
triads_inv: 0.3058481136924939
tetrads: 0.29283856330657476
tetrads_inv: 0.29283856330657476
root: 0.3058481136924939
mirex: 0.31308723664936444
majmin: 0.307143245278332
majmin_inv: 0.307143245278332
sevenths: 0.29407860519635776
sevenths_inv: 0.29407860519635776
underseg: 0.54806692613621
overseg: 0.8208539304997817
seg: 0.54806692613621
