thirds: 0.42624140398498966
thirds_inv: 0.41726828973315766
triads: 0.41447993899222924
triads_inv: 0.40862104297755497
tetrads: 0.3275539445084603
tetrads_inv: 0.3228204671663297
root: 0.4297486788928565
mirex: 0.4300102001741823
majmin: 0.4250290238012393
majmin_inv: 0.41902101082062393
sevenths: 0.3358906431398754
sevenths_inv: 0.3310366922856972
underseg: 0.7281492405943552
overseg: 0.7058054806209622
seg: 0.7058054806209622
